{'x_ref_low_f':120.0,
'x_ref_high_f':150.0,
'u_max_l':4500.0,
'u_max_h':4500.0,
'u_min':0.0,
'T_in_f':68.0,
'T_amb_f':70.0,
'vol_l_3node':0.04145,
'vol_m_3node':0.09323,
'vol_h_3node':0.05459,
'U_l_3node':1.1484,
'U_m_3node':0.0922,
'U_h_3node':0.6616,
'D_lm':3.5920,
'D_mh':0.7033,
'rho':1.0e3,
'cp':4181.3,
'integrator':'euler'}